+++
title = 'table example'
date = 2025-09-04T00:17:01Z
topics = ['uncategorized']
draft = false
+++
Dolor commodi tempora temporibus mollitia tenetur temporibus voluptates tempora Labore similique officia fugiat nesciunt a. Optio ipsa porro possimus alias?

| Column 1      | Column 2      |
| ------------- | ------------- |
| Cell 1, Row 1 | Cell 2, Row 1 |
| Cell 1, Row 2 | Cell 1, Row 2 |

Consectetur pariatur ratione assumenda voluptatibus adipisci iste Optio laudantium vel totam libero amet. Reiciendis rerum incidunt illum doloribus assumenda Accusamus magnam nobis velit distinctio eaque ducimus. Sed nulla ullam assumenda est culpa. Excepturi exercitationem tempora excepturi mollitia harum? Tempora dolores beatae quod inventore aliquid? Voluptatibus quia tempora distinctio inventore maxime.

| 1 | 2 | 3 | 4 | 5 | 6 | 7 | 8 | 9 |
| --- | --- | --- | --- | --- | --- | --- | --- | --- |
| 2 | 4 | 6 | 8 | 10 | 12 | 14 | 16 | 18 |
| 3 | 6 | 9 | 12 | 15 | 18 | 21 | 24 | 27 |
| 4 | 8 | 12 | 16 | 20 | 24 | 28 | 32 | 36 |
| 5 | 10 | 15 | 20 | 25 | 30 | 35 | 40 | 45 |
| 6 | 12 | 18 | 24 | 30 | 36 | 42 | 48 | 54 |
| 7 | 14 | 21 | 28 | 35 | 42 | 49 | 56 | 63 |
| 8 | 16 | 24 | 32 | 40 | 48 | 56 | 64 | 72 |
| 9 | 18 | 27 | 36 | 45 | 54 | 63 | 72 | 81 |


